301.36 1
0 0
249.73591666666667 1
0 0
452.77866666666665 1
0 0
1238.050525 1
0 0
268.28 1
0 0
287.3237188208617 1
0 0
236.4778231292517 1
0 0
127.62666666666667 1
0 0
204.97333333333333 1
0 0
133.16643990929705 1
0 0
287.88 1
0 0
241.655375 1
0 0
72.12575 1
0 0
243.99092970521542 1
0 0
623.0204081632653 1
0 0
2044.52 1
0 0
246.30666666666667 1
0 0
503.76 1
0 0
230.06639455782312 1
0 0
199.657075 1
0 0
325.4533333333333 1
0 0
194.0720625 1
0 0
258.62025 1
0 0
223.03883333333334 1
0 0
71.7345 1
0 0
170.20725 1
0 0
210.8001875 1
0 0
217.47475 1
0 0
274.819 1
0 0
283.431775 1
0 0
393.7733333333333 1
0 0
260.0020416666667 1
0 0
219.94666666666666 1
0 0
234.69333333333333 1
0 0
195.81920833333334 1
0 0
213.27780045351474 1
0 0
335.0 1
0 0
220.0 1
0 0
248.140325 1
0 0
363.18575 1
0 0
193.15475 1
0 0
283.41333333333336 1
0 0
303.74666666666667 1
0 0
315.8666666666667 1
0 0
305.9866666666667 1
0 0
183.42666666666668 1
0 0
204.98285714285714 1
0 0
474.48 1
0 0
215.02666666666667 1
0 0
464.79673469387757 1
0 0
236.3909 1
0 0
415.68 1
0 0
608.016 1
0 0
205.482375 1
0 0
223.402375 1
0 0
639.3066666666666 1
0 0
39.8315 1
0 0
145.01480725623583 1
0 0
235.13135 1
0 0
277.28979591836736 1
0 0
256.290525 1
0 0
1934.004825 1
0 0
199.3 1
0 0
46.65469387755102 1
0 0
447.31551020408165 1
0 0
215.32734693877552 1
0 0
218.389 1
0 0
310.38666666666666 1
0 0
239.049725 1
0 0
152.14245833333334 1
0 0
208.77595833333334 1
0 0
145.6065306122449 1
0 0
812.2266666666667 1
0 0
57.80897959183673 1
0 0
341.6555102040816 1
0 0
168.96 1
0 0
142.3472 1
0 0
316.91755102040815 1
0 0
383.93333333333334 1
0 0
517.5439375 1
0 0
68.2 1
0 0
333.505306122449 1
0 0
230.82666666666665 1
0 0
360.6 1
0 0
245.60725 1
0 0
291.8453333333333 1
0 0
178.48 1
0 0
151.01920833333332 1
0 0
294.7958125 1
0 0
298.71020408163264 1
0 0
286.4533333333333 1
0 0
494.057075 1
0 0
235.1575 1
0 0
19.701625 1
0 0
254.899 1
0 0
385.33754166666665 1
0 0
171.0055 1
0 0
433.08408163265307 1
0 0
150.1075625 1
0 0
46.72 1
0 0
294.24326530612245 1
0 0
240.46035 1
0 0
252.1860625 1
0 0
248.13715 1
0 0
954.808 1
0 0
82.8 1
0 0
320.3449166666667 1
0 0
198.5908125 1
0 0
664.4666666666667 1
0 0
235.03238095238095 1
0 0
193.19096875 1
0 0
117.16 1
0 0
289.58666666666664 1
0 0
22.7624 1
0 0
379.42857142857144 1
0 0
475.8 1
0 0
234.37333333333333 1
0 0
198.08943310657597 1
0 0
47.65055 1
0 0
193.33545 1
0 0
256.99265 1
0 0
466.0 1
0 0
189.66666666666666 1
0 0
344.297075 1
0 0
198.486375 1
0 0
176.0601875 1
0 0
232.628375 1
0 0
250.008 1
0 0
282.674225 1
0 0
73.73333333333333 1
0 0
103.65333333333334 1
0 0
473.5733333333333 1
0 0
307.284 1
0 0
255.62666666666667 1
0 0
295.06 1
0 0
344.114225 1
0 0
318.1717006802721 1
0 0
335.52475 1
0 0
591.2961451247165 1
0 0
186.46666666666667 1
0 0
215.9836 1
0 0
311.9066666666667 1
0 0
302.16234375 1
0 0
252.06666666666666 1
0 0
503.18666666666667 1
0 0
263.68 1
0 0
314.1304375 1
0 0
295.5808333333333 1
0 0
252.53104166666665 1
0 0
230.0865306122449 1
0 0
240.14367346938775 1
0 0
67.008 1
0 0
228.326 1
0 0
202.42666666666668 1
0 0
188.89333333333335 1
0 0
206.72 1
0 0
240.381975 1
0 0
178.94496598639455 1
0 0
243.97333333333333 1
0 0
602.8495691609977 1
0 0
247.17061224489797 1
0 0
449.94666666666666 1
0 0
495.0933333333333 1
0 0
226.2236 1
0 0
331.25519274376416 1
0 0
191.376275 1
0 0
262.329625 1
0 0
627.7224489795918 1
0 0
152.27308333333335 1
0 0
357.5379591836735 1
0 0
293.12 1
0 0
349.50031746031743 1
0 0
155.10666666666665 1
0 0
280.8891836734694 1
0 0
220.6190702947846 1
0 0
235.84 1
0 0
195.3464375 1
0 0
63.666666666666664 1
0 0
273.322375 1
0 0
15.3925 1
0 0
259.73875 1
0 0
375.1695238095238 1
0 0
247.10496598639455 1
0 0
450.2879818594104 1
0 0
200.51591836734693 1
0 0
55.12370833333333 1
0 0
431.28163265306125 1
0 0
192.55391666666668 1
0 0
175.44045351473923 1
0 0
237.7223125 1
0 0
246.41333333333333 1
0 0
304.199125 1
0 0
277.1149375 1
0 0
360.20565 1
0 0
293.830625 1
0 0
184.29920833333333 1
0 0
325.50666666666666 1
0 0
221.66666666666666 1
0 0
673.7733333333333 1
0 0
206.4 1
0 0
287.3043764172336 1
0 0
492.04 1
0 0
162.42938775510203 1
0 0
221.52 1
0 0
60.29075 1
0 0
214.8081 1
0 0
198.5908125 1
0 0
274.137 1
0 0
674.016 1
0 0
39.265225 1
0 0
162.066875 1
0 0
221.53333333333333 1
0 0
92.94666666666667 1
0 0
329.07861678004537 1
0 0
198.68 1
0 0
211.4430625 1
0 0
223.1981875 1
0 0
255.3272 1
0 0
136.72489795918366 1
0 0
107.15526077097506 1
0 0
210.41333333333333 1
0 0
145.03183673469388 1
0 0
529.2329931972789 1
0 0
378.305306122449 1
0 0
195.70858333333334 1
0 0
511.60816326530613 1
0 0
412.0 1
0 0
253.52366666666666 1
0 0
291.717375 1
0 0
255.48075 1
0 0
320.815125 1
0 0
174.94525 1
0 0
141.1395918367347 1
0 0
247.46666666666667 1
0 0
257.23415 1
0 0
325.7656462585034 1
0 0
232.008 1
0 0
209.53135 1
0 0
163.35005 1
0 0
271.7733333333333 1
0 0
277.00775 1
0 0
249.20916666666668 1
0 0
241.8 1
0 0
212.14666666666668 1
0 0
208.199075 1
0 0
422.7475625 1
0 0
333.6917 1
0 0
203.79441666666668 1
0 0
210.6045 1
0 0
695.5943 1
0 0
215.48 1
0 0
311.72 1
0 0
134.25625 1
0 0
247.56 1
0 0
207.66666666666666 1
0 0
261.6933333333333 1
0 0
227.36 1
0 0
280.0145 1
0 0
244.6969375 1
0 0
184.51526077097506 1
0 0
274.008 1
0 0
195.1007 1
0 0
170.31836734693877 1
0 0
309.0 1
0 0
210.00366666666667 1
0 0
177.1 1
0 0
184.18938775510205 1
0 0
255.3288125 1
0 0
242.34115 1
0 0
201.276675 1
0 0
265.827375 1
0 0
115.412175 1
0 0
264.57345833333335 1
0 0
189.17877551020408 1
0 0
414.044025 1
0 0
279.5885714285714 1
0 0
470.28 1
0 0
205.08733333333333 1
0 0
233.3257142857143 1
0 0
394.008 1
0 0
206.999625 1
0 0
313.6522448979592 1
0 0
1117.7795918367347 1
0 0
210.6855 1
0 0
194.82925 1
0 0
175.650525 1
0 0
216.9208163265306 1
0 0
162.04 1
0 0
382.0592 1
0 0
216.50285714285715 1
0 0
526.2567 1
0 0
286.14530612244897 1
0 0
240.98666666666668 1
0 0
180.97333333333333 1
0 0
262.0133333333333 1
0 0
206.895125 1
0 0
1035.9902040816326 1
0 0
209.008925 1
0 0
334.1583673469388 1
0 0
194.481625 1
0 0
164.892875 1
0 0
271.52 1
0 0
332.38525 1
0 0
257.70666666666665 1
0 0
