10 2556.5000000000005 1
10 11563 0
20 4111.595102032 1
20 40624 0
12 2259.4089795860004 1
12 11497 0
6 1844.245714285 1
6 4787 0
5 2505.6124081609996 1
5 4492 0
15 3595.9999999999995 1
15 24650 0
10 3175.9 1
10 13598 0
16 2814.3804081569997 1
16 22520 0
13 2463.3208163189997 1
13 13425 0
3 702.2 1
3 727 0
4 7012.900000000001 1
4 4504 0
3 1332.4 1
3 1518 0
12 2410.0 1
12 12947 0
10 2763.3 1
10 11782 0
11 2983.8240000000005 1
11 14501 0
9 2630.138775506 1
9 9940 0
12 3474.3 1
12 17610 0
13 2991.3999999999996 1
13 17600 0
4 904.2665306099999 1
4 1337 0
17 4253.1 1
17 31829 0
15 3660.3 1
15 25234 0
13 2639.542857137 1
13 16765 0
7 2200.3983673430002 1
7 7106 0
8 1692.6040816290001 1
8 6197 0
4 1049.1738775499998 1
4 1645 0
12 2709.054693872 1
12 14259 0
3 2385.024 1
3 2177 0
9 2510.367346934 1
9 9639 0
5 1467.944081632 1
5 3012 0
11 4551.523265301001 1
11 23792 0
13 2794.31836734 1
13 16216 0
12 2513.2 1
12 13813 0
6 1362.8 1
6 3478 0
10 3381.2 1
10 12139 0
13 2893.2 1
13 17088 0
6 3984.9 1
6 8204 0
5 1073.615918364 1
5 2201 0
5 2625.7240816310004 1
5 4956 0
5 3437.374693875 1
5 4068 0
10 2727.131428568 1
10 11271 0
14 2804.9 1
14 17878 0
18 4433.4236734589995 1
18 36083 0
16 2630.922448971 1
16 18625 0
5 1799.88897959 1
5 3214 0
9 2418.478367345 1
9 10158 0
10 2406.4722448949997 1
10 10858 0
7 1971.644081629 1
7 5064 0
7 1801.9265306080003 1
7 5181 0
10 1852.421224486 1
10 7780 0
12 2387.121632646 1
12 13017 0
13 2754.2 1
13 14991 0
10 2874.0179591779997 1
10 10627 0
13 2676.1926530539995 1
13 15569 0
6 3009.593469386 1
6 7431 0
8 3091.774693873 1
8 10538 0
4 881.5020408140001 1
4 1324 0
16 4261.6 1
16 34131 0
8 2080.032 1
8 7212 0
10 3115.0 1
10 14125 0
13 3982.576326526 1
13 22111 0
17 3411.5999999999995 1
17 27264 0
9 2645.4 1
9 10905 0
13 2942.171428565 1
13 17595 0
12 2533.8 1
12 13085 0
13 3726.9942857079996 1
13 23494 0
12 3178.9 1
12 16282 0
8 3885.1657142820004 1
8 14567 0
11 2723.892244892 1
11 13817 0
7 2231.37265306 1
7 6859 0
7 2832.7706122420004 1
7 8681 0
12 2899.382857136 1
12 16043 0
11 3817.5608163230004 1
11 19886 0
8 3040.3918367300003 1
8 11619 0
10 3398.269387751 1
10 12848 0
13 3351.5999999999995 1
13 20134 0
14 3656.2999999999997 1
14 23500 0
12 3482.8 1
12 19060 0
8 2267.350204077 1
8 8262 0
14 4467.983673461999 1
14 25908 0
10 2361.6 1
10 9596 0
12 2717.570612239 1
12 15066 0
8 2040.3999999999999 1
8 6633 0
7 1733.9559183650001 1
7 4972 0
13 3915.4155101980004 1
13 20407 0
5 1172.0 1
5 2295 0
8 2075.0 1
8 6901 0
5 1311.190204079 1
5 2771 0
4 2115.918367345 1
4 4068 0
5 1493.237714284 1
5 2850 0
11 2799.0000000000005 1
11 13321 0
15 4335.751836725999 1
15 35686 0
25 5903.999999999999 1
25 70613 0
11 4320.5 1
11 12315 0
19 4565.524897951001 1
19 41457 0
8 2582.4 1
8 8488 0
14 4150.171428564 1
14 26334 0
14 2627.604897953 1
14 18032 0
4 1007.9302040800001 1
4 1371 0
7 1528.111020405 1
7 4382 0
22 5326.561224485999 1
22 56437 0
10 3012.3999999999996 1
10 10417 0
11 3142.478367343 1
11 15819 0
12 3593.4 1
12 20964 0
14 4341.4 1
14 28549 0
12 4147.299999999999 1
12 22958 0
12 2419.7999999999997 1
12 13219 0
4 1265.2930612220002 1
4 2048 0
9 3300.9 1
9 13570 0
9 2530.682857142 1
9 9841 0
13 2928.5355101980003 1
13 16252 0
13 2966.5000000000005 1
13 17411 0
19 4772.783102031999 1
19 44594 0
17 3036.9 1
17 24363 0
14 3318.9 1
14 19730 0
11 2780.1861224429995 1
11 11960 0
7 2340.493061222 1
7 7683 0
10 3156.5 1
10 12725 0
7 1550.23673469 1
7 4552 0
11 2916.8 1
11 14536 0
23 6452.924081622 1
23 76308 0
14 3771.7999999999997 1
14 24681 0
13 3472.6999999999994 1
13 20606 0
12 2723.7 1
12 14807 0
10 2350.106122443 1
10 10291 0
14 3499.6 1
14 23256 0
9 3729.841632649 1
9 14994 0
15 3498.083265298 1
15 24479 0
17 4360.9 1
17 35501 0
16 2803.9 1
16 20579 0
6 1382.922448977 1
6 3387 0
12 3242.535510198 1
12 18174 0
12 2695.967346931 1
12 14503 0
18 3101.7273469290003 1
18 24010 0
5 1058.0 1
5 1987 0
5 2715.0367346909998 1
5 5440 0
8 2472.9 1
8 7981 0
6 3053.897142854 1
6 7775 0
13 3304.0 1
13 18995 0
12 2809.5999999999995 1
12 15438 0
12 3027.9 1
12 17556 0
14 3824.5 1
14 24115 0
15 4510.5 1
15 31537 0
6 2483.3306122409995 1
6 6137 0
11 2515.1 1
11 12205 0
11 2762.1 1
11 13170 0
10 2198.543673465 1
10 9777 0
10 2364.316734689 1
10 9244 0
8 3126.648163261 1
8 10455 0
6 2559.921632651 1
6 7152 0
11 3048.5000000000005 1
11 15419 0
10 3923.722448974 1
10 17966 0
7 2904.9469387719996 1
7 7875 0
12 3107.4481632590005 1
12 16468 0
4 2255.3 1
4 4627 0
4 2912.626938774 1
4 4427 0
11 2437.8999999999996 1
11 12240 0
16 4346.5 1
16 29601 0
15 2975.373061218 1
15 20922 0
10 3304.8 1
10 14752 0
6 1958.7657142829999 1
6 4907 0
7 2560.15673469 1
7 7833 0
12 3068.5 1
12 16350 0
10 4462.497959178 1
10 14930 0
15 4427.700000000001 1
15 31379 0
8 2021.433469383 1
8 6785 0
14 3667.4873469319996 1
14 22660 0
11 2918.9746938709995 1
11 14514 0
5 2856.489795916 1
5 4857 0
13 2441.1000000000004 1
13 13853 0
3 2005.0319999999997 1
3 2009 0
8 2825.09061224 1
8 7673 0
18 4556.643265296 1
18 36477 0
7 1383.3926530570002 1
7 4204 0
13 2358.7000000000003 1
13 13754 0
13 4737.8024489730005 1
13 22713 0
6 1374.262857141 1
6 3308 0
9 3082.422857139 1
9 12319 0
13 2939.8465306070007 1
13 17694 0
17 4715.546122441 1
17 34816 0
10 2347.3999999999996 1
10 9771 0
5 2116.9893877520003 1
5 4244 0
8 1945.6595918360001 1
8 7102 0
12 3632.6 1
12 19254 0
8 1923.395918363 1
8 6540 0
10 2659.082448975 1
10 11778 0
12 3601.0318367299997 1
12 18680 0
15 3866.253061217 1
15 26604 0
15 3293.8999999999996 1
15 22304 0
14 3061.1 1
14 22052 0
12 3600.7 1
12 16690 0
10 2936.24163265 1
10 11314 0
11 2661.1920000000005 1
11 13445 0
13 3686.7999999999997 1
13 20132 0
11 2483.226122443 1
11 11557 0
12 2423.013877547 1
12 12757 0
5 3548.238367344 1
5 7290 0
14 3314.6514285649996 1
14 19607 0
7 2144.1306122409997 1
7 6484 0
8 2463.6 1
8 7413 0
9 2604.1469387720003 1
9 10100 0
18 4824.599999999999 1
18 45983 0
11 2926.2 1
11 14239 0
14 3074.324897952 1
14 20185 0
6 2290.4424489760004 1
6 5676 0
6 1626.592653058 1
6 4186 0
10 2937.1820408099998 1
10 12198 0
7 1613.0 1
7 4823 0
12 2829.7000000000003 1
12 14792 0
13 4036.8326530540007 1
13 24974 0
12 2886.7 1
12 15500 0
3 2930.4 1
3 4616 0
9 2994.0 1
9 11411 0
13 4377.024 1
13 22733 0
15 3372.199183665 1
15 23384 0
4 2110.350204081 1
4 2525 0
22 4097.6195918270005 1
22 37647 0
19 3933.675102032 1
19 36232 0
13 2171.3 1
13 12455 0
5 1151.973877549 1
5 2133 0
11 2364.7 1
11 12307 0
16 3769.782857135 1
16 28825 0
4 3806.7722448960003 1
4 5579 0
5 1365.317142856 1
5 2965 0
13 3139.2914285660004 1
13 18548 0
10 3239.1 1
10 12731 0
8 2283.755102036 1
8 7944 0
11 2228.7999999999997 1
11 11000 0
14 3759.4644897889993 1
14 23668 0
4 901.615510204 1
4 1394 0
11 2350.3457142790003 1
11 12079 0
8 1942.622040813 1
8 6624 0
12 3725.6359183619998 1
12 16519 0
4 925.0 1
4 1315 0
15 3982.8999999999996 1
15 28104 0
8 2243.0040816279998 1
8 7344 0
14 2900.8979591769994 1
14 17624 0
12 2888.5681632610003 1
12 14749 0
6 1644.9999999999998 1
6 3904 0
3 1671.7322448959999 1
3 1356 0
6 1614.7 1
6 3922 0
9 2606.2999999999997 1
9 9372 0
18 4432.0 1
18 32606 0
10 2483.6 1
10 10517 0
7 2409.508571426 1
7 7143 0
11 2963.2 1
11 13917 0
15 3426.455510196 1
15 22397 0
10 2517.8 1
10 11262 0
4 1249.2277551000002 1
4 1933 0
11 3535.4383673429998 1
11 18706 0
7 1692.7869387709998 1
7 5428 0
6 2363.742040814 1
6 5655 0
5 2435.016 1
5 4950 0
5 968.933877548 1
5 2218 0
4 2011.6080000000002 1
4 3457 0
10 2423.381877548 1
10 11869 0
5 923.689795917 1
5 1765 0
15 3908.2999999999997 1
15 26637 0
13 3663.2 1
13 17404 0
14 3635.0955101969994 1
14 23754 0
6 2520.3199999969997 1
6 6577 0
14 4057.417142851 1
14 27028 0
14 3799.8 1
14 24559 0
9 1738.7885714249996 1
9 6998 0
16 2984.28081632 1
16 21542 0
6 2510.016 1
6 5635 0
15 2910.249795911 1
15 21342 0
6 2171.846530609 1
6 5492 0
16 2902.2000000000003 1
16 22439 0
6 1460.2 1
6 4051 0
6 1535.88 1
6 3759 0
3 688.5 1
3 722 0
3 899.81510204 1
3 915 0
8 2294.5 1
8 8248 0
10 2880.7999999999997 1
10 13177 0
9 2161.397551017 1
9 9034 0
8 2076.238367344 1
8 8202 0
14 2619.5 1
14 15203 0
8 2737.737142854 1
8 8535 0
12 4737.5 1
12 24801 0
13 3406.5 1
13 16735 0
38 6189.400816308001 1
38 108396 0
6 2440.032 1
6 5658 0
12 2716.3999999999996 1
12 14971 0
12 3429.6163265239993 1
12 20305 0
4 1159.8 1
4 1722 0
9 3421.2310204050004 1
9 12125 0
6 2330.932244895 1
6 5909 0
12 3075.0 1
12 17562 0
13 2822.608979585 1
13 16366 0
15 4644.499999999999 1
15 29941 0
15 3288.2999999999997 1
15 23015 0
7 2340.884897955 1
7 6658 0
12 3088.0130612189996 1
12 16545 0
12 2638.5000000000005 1
12 15098 0
12 2484.8 1
12 13975 0
7 1860.75428571 1
7 5579 0
5 1133.400816324 1
5 2087 0
15 3122.8 1
15 21462 0
14 3681.000000000001 1
14 23910 0
4 1027.118367346 1
4 1677 0
6 1414.086530608 1
6 3367 0
5 2098.729795915 1
5 3392 0
4 1175.2 1
4 1906 0
14 2891.3999999999996 1
14 16302 0
